 U178A PREPARED ON      DATE/TIME:  20160317  192152.379
 MAP PROJECTION            7
 ORIENTATION        160.0000
 GRID LENGTH (M)      2.5000
 LATITUDE TRUE       20.0000
 LL LATITUDE         14.3515
 LL LONGITUDE       164.9695
 X GRIDLENGTHS           625
 Y GRIDLENGTHS           561
 MAX STATION LIST          7
 MAX DIST (GRIDPTS) 200.0000
 FILE NAME  ekd_granlsta_hi.lst                                         
   51001           192.45      142.41      103.92       78.90       57.73       38.49      0.   9999.     NORTHWEST HAWAII  HI
   51002           183.71      135.94       99.20       75.32       55.11       36.74      0.   4058.     SOUTHWEST HAWAII  HI
   51003           187.32      138.62      101.15       76.80       56.20       37.46      0.   1327.     WEST HAWAII       HI
   51004           183.05      135.45       98.84       75.05       54.91       36.61      0.   4058.     SOUTHEAST HAWAII  HI
   80D001           79.95       59.16       43.17       32.78       23.98       15.99      0.   4058.     HAWAII 001        HI
   80D002           51.02       37.76       27.55       20.92       15.31       10.20      0.   4058.     HAWAII 002        HI
   80D003           73.64       54.49       39.77       30.19       22.09       14.73      0.   4058.     HAWAII 003        HI
   80D004          182.32      134.92       98.45       74.75       54.70       36.46      0.   4058.     HAWAII 004        HI
   80D005           41.11       30.42       22.20       16.86       12.33        8.22      0.   4058.     HAWAII 005        HI
   80D006           39.15       28.97       21.14       16.05       11.75        7.83      0.   4058.     HAWAII 006        HI
   80D007           34.23       25.33       18.49       14.04       10.27        6.85      0.   4058.     HAWAII 007        HI
   80D008           34.16       25.28       18.45       14.00       10.25        6.83      0.   4058.     HAWAII 008        HI
   80D009           97.00       71.78       52.38       39.77       29.10       19.40      0.   4058.     HAWAII 009        HI
   80D010           33.34       24.67       18.00       13.67       10.00        6.67      0.   4058.     HAWAII 010        HI
   80D011           40.91       30.27       22.09       16.77       12.27        8.18      0.   4058.     HAWAII 011        HI
   80D012           17.10       12.65        9.23        7.01        5.13        3.42      0.   3997.     HAWAII 012        HI
   80D013           21.31       15.77       11.51        8.74        6.39        4.26      0.   4058.     HAWAII 013        HI
   80D014           27.18       20.11       14.67       11.14        8.15        5.44      0.   4058.     HAWAII 014        HI
   80D015           29.93       22.15       16.16       12.27        8.98        5.99      0.   4058.     HAWAII 015        HI
   80D016          104.72       77.49       56.55       42.94       31.42       20.94      0.   4058.     HAWAII 016        HI
   80D017            7.91        5.85        4.27        3.24        2.37        1.58    520.   3607.     HAWAII 017        HI
   80D018           15.75       11.66        8.51        6.46        4.73        3.15      0.   4058.     HAWAII 018        HI
   80D019          178.72      132.25       96.51       73.27       53.62       35.74      0.   4058.     HAWAII 019        HI
   80D020           24.80       18.35       13.39       10.17        7.44        4.96      0.   4058.     HAWAII 020        HI
   80D021           27.69       20.49       14.95       11.35        8.31        5.54      0.   4058.     HAWAII 021        HI
   80D022           11.50        8.51        6.21        4.72        3.45        2.30      0.   3997.     HAWAII 022        HI
   80D023           10.15        7.51        5.48        4.16        3.05        2.03      0.   3997.     HAWAII 023        HI
   80D024           13.10        9.69        7.07        5.37        3.93        2.62      0.   4058.     HAWAII 024        HI
   80D025           32.75       24.23       17.68       13.43        9.82        6.55      0.   4058.     HAWAII 025        HI
   80D026           57.59       42.62       31.10       23.61       17.28       11.52      0.   4058.     HAWAII 026        HI
   80D027          176.44      130.57       95.28       72.34       52.93       35.29      0.   4058.     HAWAII 027        HI
   80D028            7.91        5.85        4.27        3.24        2.37        1.58    975.   3997.     HAWAII 028        HI
   80D029            6.42        4.75        3.47        2.63        1.93        1.28   1433.   3997.     HAWAII 029        HI
   80D030            7.31        5.41        3.95        3.00        2.19        1.46    950.   3607.     HAWAII 030        HI
   80D031            9.32        6.89        5.03        3.82        2.80        1.86    321.   4058.     HAWAII 031        HI
   80D032           17.30       12.80        9.34        7.09        5.19        3.46      0.   4058.     HAWAII 032        HI
   80D033          116.66       86.33       63.00       47.83       35.00       23.33      0.   4058.     HAWAII 033        HI
   80D034            5.93        4.39        3.20        2.43        1.78        1.19   1643.   3997.     HAWAII 034        HI
   80D035            6.42        4.75        3.47        2.63        1.93        1.28   1859.   3997.     HAWAII 035        HI
   80D036           22.57       16.70       12.19        9.25        6.77        4.51      0.   3997.     HAWAII 036        HI
   80D037           11.76        8.71        6.35        4.82        3.53        2.35      0.   3997.     HAWAII 037        HI
   80D038            5.93        4.39        3.20        2.43        1.78        1.19   1590.   3997.     HAWAII 038        HI
   80D039           30.12       22.29       16.26       12.35        9.04        6.02      0.   4058.     HAWAII 039        HI
   80D040            5.93        4.39        3.20        2.43        1.78        1.19   2087.   3997.     HAWAII 040        HI
   80D041            6.81        5.04        3.68        2.79        2.04        1.36   1195.   4058.     HAWAII 041        HI
   80D042           44.01       32.57       23.77       18.04       13.20        8.80      0.   4058.     HAWAII 042        HI
   80D043            8.34        6.17        4.51        3.42        2.50        1.67    777.   4058.     HAWAII 043        HI
   80D044           15.66       11.59        8.45        6.42        4.70        3.13      0.   3997.     HAWAII 044        HI
   80D045            8.70        6.44        4.70        3.57        2.61        1.74    595.   3997.     HAWAII 045        HI
   80D046            7.91        5.85        4.27        3.24        2.37        1.58   1080.   3997.     HAWAII 046        HI
   80D047            6.18        4.57        3.34        2.53        1.85        1.24   1925.   3997.     HAWAII 047        HI
   80D048            5.49        4.06        2.96        2.25        1.65        1.10   1629.   3941.     HAWAII 048        HI
   80D049            8.70        6.44        4.70        3.57        2.61        1.74    686.   4058.     HAWAII 049        HI
   80D050           48.47       35.87       26.18       19.87       14.54        9.69      0.   4058.     HAWAII 050        HI
   80D051          180.04      133.23       97.22       73.82       54.01       36.01      0.   4058.     HAWAII 051        HI
   80D052            6.42        4.75        3.47        2.63        1.93        1.28   1627.   3772.     HAWAII 052        HI
   80D053            5.93        4.39        3.20        2.43        1.78        1.19   1583.   4058.     HAWAII 053        HI
   80D054           13.14        9.72        7.09        5.39        3.94        2.63      0.   3997.     HAWAII 054        HI
   80D055            8.10        5.99        4.37        3.32        2.43        1.62   1216.   4058.     HAWAII 055        HI
   80D056            5.76        4.26        3.11        2.36        1.73        1.15   1390.   4058.     HAWAII 056        HI
   80D057           14.03       10.38        7.58        5.75        4.21        2.81      0.   4058.     HAWAII 057        HI
   80D058          106.89       79.10       57.72       43.83       32.07       21.38      0.   4058.     HAWAII 058        HI
   80D059            7.72        5.71        4.17        3.16        2.32        1.54   1284.   3997.     HAWAII 059        HI
   80D060            7.17        5.31        3.87        2.94        2.15        1.43   1330.   4058.     HAWAII 060        HI
   80D061            7.10        5.26        3.83        2.91        2.13        1.42   1326.   4058.     HAWAII 061        HI
   80D062            7.72        5.71        4.17        3.16        2.32        1.54    643.   4058.     HAWAII 062        HI
   80D063           57.53       42.57       31.06       23.59       17.26       11.51      0.   4058.     HAWAII 063        HI
   80D064           27.12       20.07       14.64       11.12        8.14        5.42      0.   4058.     HAWAII 064        HI
   80D065           11.50        8.51        6.21        4.72        3.45        2.30    380.   3997.     HAWAII 065        HI
   80D066            9.04        6.69        4.88        3.71        2.71        1.81    702.   3941.     HAWAII 066        HI
   80D067           11.28        8.35        6.09        4.62        3.38        2.26    182.   4058.     HAWAII 067        HI
   80D068           27.83       20.59       15.03       11.41        8.35        5.57      0.   4058.     HAWAII 068        HI
   80D069           26.04       19.27       14.06       10.68        7.81        5.21      0.   4058.     HAWAII 069        HI
   80D070           90.24       66.78       48.73       37.00       27.07       18.05      0.   4058.     HAWAII 070        HI
   80D071           10.73        7.94        5.79        4.40        3.22        2.15    201.   3751.     HAWAII 071        HI
   80D072           26.93       19.93       14.54       11.04        8.08        5.39      0.   4058.     HAWAII 072        HI
   80D073           18.10       13.39        9.77        7.42        5.43        3.62      0.   4058.     HAWAII 073        HI
   80D074          104.74       77.51       56.56       42.94       31.42       20.95      0.   4058.     HAWAII 074        HI
   80D075           40.60       30.04       21.92       16.64       12.18        8.12      0.   4058.     HAWAII 075        HI
   80D076           42.55       31.49       22.98       17.45       12.77        8.51      0.   4058.     HAWAII 076        HI
   80D077          176.98      130.96       95.57       72.56       53.09       35.40      0.   4058.     HAWAII 077        HI
   80D078           78.04       57.75       42.14       32.00       23.41       15.61      0.   4058.     HAWAII 078        HI
   80D079           44.82       33.17       24.20       18.38       13.45        8.96      0.   4058.     HAWAII 079        HI
   80D080          173.76      128.58       93.83       71.24       52.13       34.75      0.   4058.     HAWAII 080        HI
   80D081          149.59      110.69       80.78       61.33       44.88       29.92      0.   4058.     HAWAII 081        HI
   80D082          174.17      128.88       94.05       71.41       52.25       34.83      0.   4058.     HAWAII 082        HI
   80D083          174.71      129.29       94.35       71.63       52.41       34.94      0.   4058.     HAWAII 083        HI
   81D001           39.55       29.27       21.36       16.21       11.86        7.91      0.   1259.     MAUI 001          HI
   81D002           82.64       61.15       44.63       33.88       24.79       16.53      0.   2907.     MAUI 002          HI
   81D003           41.53       30.74       22.43       17.03       12.46        8.31      0.   2096.     MAUI 003          HI
   81D004           28.17       20.85       15.21       11.55        8.45        5.63      0.   1259.     MAUI 004          HI
   81D005           52.60       38.92       28.40       21.57       15.78       10.52      0.   2907.     MAUI 005          HI
   81D006          112.37       83.15       60.68       46.07       33.71       22.47      0.   4058.     MAUI 006          HI
   81D007           39.51       29.24       21.34       16.20       11.85        7.90      0.   2907.     MAUI 007          HI
   81D008           18.35       13.58        9.91        7.52        5.50        3.67      0.   1259.     MAUI 008          HI
   81D009           73.10       54.09       39.47       29.97       21.93       14.62      0.   3810.     MAUI 009          HI
   81D010           88.02       65.13       47.53       36.09       26.41       17.60      0.   4058.     MAUI 010          HI
   81D011           38.69       28.63       20.89       15.86       11.61        7.74      0.   2907.     MAUI 011          HI
   81D012           13.70       10.14        7.40        5.62        4.11        2.74      0.   1259.     MAUI 012          HI
   81D013           19.41       14.37       10.48        7.96        5.82        3.88      0.   1259.     MAUI 013          HI
   81D014           90.00       66.60       48.60       36.90       27.00       18.00      0.   4058.     MAUI 014          HI
   81D015           31.11       23.02       16.80       12.76        9.33        6.22      0.   2907.     MAUI 015          HI
   81D016           82.39       60.97       44.49       33.78       24.72       16.48      0.   4058.     MAUI 016          HI
   81D017          181.56      134.36       98.04       74.44       54.47       36.31      0.   4058.     MAUI 017          HI
   81D018          180.87      133.84       97.67       74.15       54.26       36.17      0.   4058.     MAUI 018          HI
   81D019            9.04        6.69        4.88        3.71        2.71        1.81      0.   1259.     MAUI 019          HI
   81D020           83.97       62.14       45.34       34.43       25.19       16.79      0.   4058.     MAUI 020          HI
   81D021           14.42       10.67        7.79        5.91        4.33        2.88      0.   1266.     MAUI 021          HI
   81D022           30.51       22.58       16.48       12.51        9.15        6.10      0.   2907.     MAUI 022          HI
   81D023           10.54        7.80        5.69        4.32        3.16        2.11      0.   1259.     MAUI 023          HI
   81D024           63.70       47.14       34.40       26.12       19.11       12.74      0.   4058.     MAUI 024          HI
   81D025           30.97       22.92       16.72       12.70        9.29        6.19      0.   2907.     MAUI 025          HI
   81D026            9.32        6.90        5.03        3.82        2.80        1.86      0.   1259.     MAUI 026          HI
   81D027           15.91       11.77        8.59        6.52        4.77        3.18      0.   2500.     MAUI 027          HI
   81D028           17.10       12.65        9.23        7.01        5.13        3.42      0.   2907.     MAUI 028          HI
   81D029           11.76        8.71        6.35        4.82        3.53        2.35      0.   1876.     MAUI 029          HI
   81D030           87.76       64.94       47.39       35.98       26.33       17.55      0.   4058.     MAUI 030          HI
   81D031           18.46       13.66        9.97        7.57        5.54        3.69      0.   2907.     MAUI 031          HI
   81D032           10.10        7.47        5.45        4.14        3.03        2.02      0.   2096.     MAUI 032          HI
   81D033           14.97       11.08        8.08        6.14        4.49        2.99      0.   2907.     MAUI 033          HI
   81D034           18.46       13.66        9.97        7.57        5.54        3.69      0.   2907.     MAUI 034          HI
   81D035           28.56       21.14       15.42       11.71        8.57        5.71      0.   2907.     MAUI 035          HI
   81D036           38.11       28.20       20.58       15.63       11.43        7.62      0.   2907.     MAUI 036          HI
   81D037           17.56       13.00        9.48        7.20        5.27        3.51      0.   2907.     MAUI 037          HI
   81D038           32.35       23.94       17.47       13.26        9.70        6.47      0.   2907.     MAUI 038          HI
   81D039            7.91        5.85        4.27        3.24        2.37        1.58      0.   2907.     MAUI 039          HI
   81D040           85.59       63.34       46.22       35.09       25.68       17.12      0.   4058.     MAUI 040          HI
   81D041           35.10       25.97       18.95       14.39       10.53        7.02      0.   2907.     MAUI 041          HI
   81D042            7.31        5.41        3.95        3.00        2.19        1.46      0.   2907.     MAUI 042          HI
   81D043          178.83      132.34       96.57       73.32       53.65       35.77      0.   4058.     MAUI 043          HI
   81D044           19.13       14.15       10.33        7.84        5.74        3.83      0.   2907.     MAUI 044          HI
   81D045           13.14        9.72        7.10        5.39        3.94        2.63      0.   2907.     MAUI 045          HI
   81D046            6.42        4.75        3.47        2.63        1.93        1.28     84.   2907.     MAUI 046          HI
   81D047           83.28       61.63       44.97       34.15       24.99       16.66      0.   4058.     MAUI 047          HI
   81D048           29.51       21.84       15.94       12.10        8.85        5.90      0.   2907.     MAUI 048          HI
   81D049            9.95        7.36        5.37        4.08        2.99        1.99      0.   2907.     MAUI 049          HI
   81D050            9.95        7.36        5.37        4.08        2.98        1.99      0.   2907.     MAUI 050          HI
   81D051           34.76       25.72       18.77       14.25       10.43        6.95      0.   2907.     MAUI 051          HI
   81D052           12.63        9.35        6.82        5.18        3.79        2.53      0.   2907.     MAUI 052          HI
   81D053          146.42      108.35       79.07       60.03       43.93       29.28      0.   4058.     MAUI 053          HI
   81D054           15.91       11.78        8.59        6.52        4.77        3.18      0.   2907.     MAUI 054          HI
   81D055           23.30       17.24       12.58        9.55        6.99        4.66      0.   2907.     MAUI 055          HI
   81D056           35.95       26.60       19.41       14.74       10.78        7.19      0.   2907.     MAUI 056          HI
   81D057           82.30       60.90       44.44       33.74       24.69       16.46      0.   4058.     MAUI 057          HI
   81D058           87.05       64.42       47.01       35.69       26.12       17.41      0.   4058.     MAUI 058          HI
   81D059          178.23      131.89       96.25       73.08       53.47       35.65      0.   4058.     MAUI 059          HI
   81D060           96.71       71.56       52.22       39.65       29.01       19.34      0.   4058.     MAUI 060          HI
   81D061          162.08      119.94       87.52       66.45       48.62       32.42      0.   4058.     MAUI 061          HI
   82D001           58.10       42.99       31.37       23.82       17.43       11.62      0.   1079.     OAHU 001          HI
   82D002           67.01       49.59       36.19       27.47       20.10       13.40      0.   1327.     OAHU 002          HI
   82D003           35.22       26.06       19.02       14.44       10.56        7.04      0.    834.     OAHU 003          HI
   82D004           72.94       53.97       39.39       29.90       21.88       14.59      0.   1327.     OAHU 004          HI
   82D005           37.10       27.45       20.03       15.21       11.13        7.42      0.    834.     OAHU 005          HI
   82D006          120.77       89.37       65.22       49.52       36.23       24.15      0.   2907.     OAHU 006          HI
   82D007           30.10       22.27       16.25       12.34        9.03        6.02      0.    834.     OAHU 007          HI
   82D008           30.10       22.27       16.25       12.34        9.03        6.02      0.    834.     OAHU 008          HI
   82D009           75.31       55.73       40.67       30.88       22.59       15.06      0.   1327.     OAHU 009          HI
   82D010           17.10       12.65        9.23        7.01        5.13        3.42      0.    834.     OAHU 010          HI
   82D011            5.20        3.85        2.81        2.13        1.56        1.04      0.    834.     OAHU 011          HI
   82D012           30.17       22.32       16.29       12.37        9.05        6.03      0.    834.     OAHU 012          HI
   82D013          118.69       87.83       64.10       48.66       35.61       23.74      0.   2907.     OAHU 013          HI
   82D014           85.80       63.50       46.33       35.18       25.74       17.16      0.   2907.     OAHU 014          HI
   82D015           43.96       32.53       23.74       18.02       13.19        8.79      0.    834.     OAHU 015          HI
   82D016           13.52       10.00        7.30        5.54        4.05        2.70      0.    834.     OAHU 016          HI
   82D017            4.57        3.38        2.47        1.87        1.37        0.91      0.    650.     OAHU 017          HI
   82D018           10.00        7.40        5.40        4.10        3.00        2.00      0.    834.     OAHU 018          HI
   82D019           60.11       44.48       32.46       24.64       18.03       12.02      0.   1258.     OAHU 019          HI
   82D020          159.76      118.22       86.27       65.50       47.93       31.95      0.   4058.     OAHU 020          HI
   82D021          183.51      135.80       99.10       75.24       55.05       36.70      0.   4058.     OAHU 021          HI
   82D022            7.17        5.31        3.87        2.94        2.15        1.43      0.    698.     OAHU 022          HI
   82D023           91.34       67.59       49.33       37.45       27.40       18.27      0.   2907.     OAHU 023          HI
   82D024           34.07       25.21       18.40       13.97       10.22        6.81      0.    834.     OAHU 024          HI
   82D025          151.27      111.94       81.69       62.02       45.38       30.25      0.   4058.     OAHU 025          HI
   82D026           22.46       16.62       12.13        9.21        6.74        4.49      0.    834.     OAHU 026          HI
   82D027           14.03       10.38        7.57        5.75        4.21        2.81      0.    834.     OAHU 027          HI
   82D028           43.29       32.03       23.38       17.75       12.99        8.66      0.   1258.     OAHU 028          HI
   82D029           30.51       22.58       16.48       12.51        9.15        6.10      0.    834.     OAHU 029          HI
   82D030           22.03       16.30       11.90        9.03        6.61        4.41      0.    834.     OAHU 030          HI
   82D031           55.02       40.71       29.71       22.56       16.51       11.00      0.   1259.     OAHU 031          HI
   82D032           25.59       18.94       13.82       10.49        7.68        5.12      0.    834.     OAHU 032          HI
   82D033           42.11       31.16       22.74       17.27       12.63        8.42      0.   1258.     OAHU 033          HI
   82D034           42.08       31.14       22.72       17.25       12.62        8.42      0.   1258.     OAHU 034          HI
   83D001          178.86      132.36       96.59       73.33       53.66       35.77      0.   2907.     KAUAI-NIIHAU 001  HI
   83D002          182.61      135.13       98.61       74.87       54.78       36.52      0.   2907.     KAUAI-NIIHAU 002  HI
   83D003          184.86      136.80       99.83       75.79       55.46       36.97      0.   2907.     KAUAI-NIIHAU 003  HI
   83D004          193.45      143.15      104.46       79.31       58.04       38.69      0.   2907.     KAUAI-NIIHAU 004  HI
   83D005          187.14      138.49      101.06       76.73       56.14       37.43      0.   2907.     KAUAI-NIIHAU 005  HI
   83D006           79.13       58.55       42.73       32.44       23.74       15.83      0.   1327.     KAUAI-NIIHAU 006  HI
   83D007          110.16       81.52       59.48       45.16       33.05       22.03      0.   1327.     KAUAI-NIIHAU 007  HI
   83D008           18.70       13.84       10.10        7.67        5.61        3.74      0.   1327.     KAUAI-NIIHAU 008  HI
   83D009           90.77       67.17       49.02       37.22       27.23       18.15      0.   1327.     KAUAI-NIIHAU 009  HI
   83D010          184.84      136.78       99.81       75.79       55.45       36.97      0.   2907.     KAUAI-NIIHAU 010  HI
   83D011           59.11       43.74       31.92       24.23       17.73       11.82      0.   1327.     KAUAI-NIIHAU 011  HI
   83D012           25.71       19.03       13.88       10.54        7.71        5.14      0.   1327.     KAUAI-NIIHAU 012  HI
   83D013           18.46       13.66        9.97        7.57        5.54        3.69      0.   1327.     KAUAI-NIIHAU 013  HI
   83D014          185.37      137.17      100.10       76.00       55.61       37.07      0.   2907.     KAUAI-NIIHAU 014  HI
   83D015            6.81        5.04        3.68        2.79        2.04        1.36     52.   1327.     KAUAI-NIIHAU 015  HI
   83D016          113.84       84.25       61.48       46.68       34.15       22.77      0.   1327.     KAUAI-NIIHAU 016  HI
   83D017           39.15       28.97       21.14       16.05       11.75        7.83      0.   1327.     KAUAI-NIIHAU 017  HI
   83D018           75.13       55.59       40.57       30.80       22.54       15.03      0.   1327.     KAUAI-NIIHAU 018  HI
   83D019            9.95        7.36        5.37        4.08        2.99        1.99      0.   1327.     KAUAI-NIIHAU 019  HI
   83D020            8.64        6.40        4.67        3.54        2.59        1.73      0.   1327.     KAUAI-NIIHAU 020  HI
   83D021          185.63      137.36      100.24       76.11       55.69       37.13      0.   2907.     KAUAI-NIIHAU 021  HI
   83D022           91.76       67.90       49.55       37.62       27.53       18.35      0.   1327.     KAUAI-NIIHAU 022  HI
   83D023           40.41       29.90       21.82       16.57       12.12        8.08      0.   1327.     KAUAI-NIIHAU 023  HI
   83D024            5.93        4.39        3.20        2.43        1.78        1.19      0.   1327.     KAUAI-NIIHAU 024  HI
   83D025          184.72      136.69       99.75       75.74       55.42       36.94      0.   2907.     KAUAI-NIIHAU 025  HI
   83D026           27.76       20.54       14.99       11.38        8.33        5.55      0.   1327.     KAUAI-NIIHAU 026  HI
   83D027           98.51       72.90       53.20       40.39       29.55       19.70      0.   1327.     KAUAI-NIIHAU 027  HI
   83D028           33.64       24.90       18.17       13.79       10.09        6.73      0.   1327.     KAUAI-NIIHAU 028  HI
   83D029          185.18      137.04      100.00       75.93       55.56       37.04      0.   2907.     KAUAI-NIIHAU 029  HI
   83D030           41.28       30.55       22.29       16.93       12.39        8.26      0.   1327.     KAUAI-NIIHAU 030  HI
   83D031           98.58       72.95       53.23       40.42       29.57       19.72      0.   1327.     KAUAI-NIIHAU 031  HI
   83D032          185.16      137.02       99.99       75.92       55.55       37.03      0.   2907.     KAUAI-NIIHAU 032  HI
   84D001          183.47      135.77       99.07       75.22       55.04       36.69      0.   9999.     OCEAN NW 001      HI
   84D002          181.83      134.55       98.19       74.55       54.55       36.37      0.   2907.     OCEAN NW 002      HI
   84D003          184.99      136.89       99.89       75.85       55.50       37.00      0.   4058.     OCEAN NW 003      HI
   84D004          184.30      136.38       99.52       75.56       55.29       36.86      0.   4058.     OCEAN NW 004      HI
   84D005          183.19      135.56       98.93       75.11       54.96       36.64      0.   4058.     OCEAN NW 005      HI
   84D006          184.15      136.27       99.44       75.50       55.25       36.83      0.   9999.     OCEAN NW 006      HI
   84D007          180.70      133.72       97.58       74.09       54.21       36.14      0.   4058.     OCEAN NW 007      HI
   84D008          181.00      133.94       97.74       74.21       54.30       36.20      0.   4058.     OCEAN NW 008      HI
   84D009          177.83      131.60       96.03       72.91       53.35       35.57      0.   4058.     OCEAN NW 009      HI
   84D010          179.57      132.88       96.97       73.62       53.87       35.91      0.   9999.     OCEAN NW 010      HI
   84D011          176.66      130.73       95.39       72.43       53.00       35.33      0.   4058.     OCEAN NW 011      HI
   84D012          179.71      132.98       97.04       73.68       53.91       35.94      0.   4058.     OCEAN NW 012      HI
   84D013          178.29      131.93       96.28       73.10       53.49       35.66      0.   4058.     OCEAN NW 013      HI
   85D001          182.89      135.33       98.76       74.98       54.87       36.58      0.   1327.     OCEAN SW 001      HI
   85D002          185.41      137.20      100.12       76.02       55.62       37.08      0.   2907.     OCEAN SW 002      HI
   85D003          184.45      136.50       99.60       75.63       55.34       36.89      0.   3448.     OCEAN SW 003      HI
   85D004           96.76       71.60       52.25       39.67       29.03       19.35      0.   1327.     OCEAN SW 004      HI
   85D005          193.23      142.99      104.35       79.23       57.97       38.65      0.   4058.     OCEAN SW 005      HI
   85D006          178.14      131.83       96.20       73.04       53.44       35.63      0.   4058.     OCEAN SW 006      HI
   85D007           47.11       34.86       25.44       19.32       14.13        9.42      0.   1259.     OCEAN SW 007      HI
   85D008          181.53      134.33       98.03       74.43       54.46       36.31      0.   4058.     OCEAN SW 008      HI
   85D009           99.09       73.33       53.51       40.63       29.73       19.82      0.   4058.     OCEAN SW 009      HI
   85D010          134.81       99.76       72.80       55.27       40.44       26.96      0.   4058.     OCEAN SW 010      HI
   85D011          178.20      131.87       96.23       73.06       53.46       35.64      0.   4058.     OCEAN SW 011      HI
   85D012          147.61      109.23       79.71       60.52       44.28       29.52      0.   4058.     OCEAN SW 012      HI
   85D013          174.25      128.95       94.10       71.44       52.28       34.85      0.   4058.     OCEAN SW 013      HI
   85D014           41.98       31.06       22.67       17.21       12.59        8.40      0.   4058.     OCEAN SW 014      HI
   85D015          175.17      129.63       94.59       71.82       52.55       35.03      0.   4058.     OCEAN SW 015      HI
   PHHI              4.46        3.30        2.41        1.83        1.34        0.89     27.    827.     WHEELER AAF       HI
   PHIK             58.86       43.55       31.78       24.13       17.66       11.77      0.   1259.     HICKHAM AFB       HI
   PHJH             91.12       67.43       49.20       37.36       27.34       18.22      0.   4058.     LAHAINA/WEST MAUI HI
   PHJR            125.87       93.14       67.97       51.61       37.76       25.17      0.   3448.     KALAELOA ARPT/OAH HI
   PHKO             84.66       62.65       45.71       34.71       25.40       16.93      0.   4058.     KONA/KEAHOLE      HI
   PHLI             52.29       38.69       28.23       21.44       15.69       10.46      0.   1327.     LIHUE             HI
   PHMK             52.16       38.60       28.17       21.39       15.65       10.43      0.   2907.     MOLOKAI           HI
   PHNG             73.08       54.08       39.46       29.96       21.92       14.62      0.   2907.     KANEOHE BAY MCAS  HI
   PHNL             30.05       22.24       16.23       12.32        9.02        6.01      0.    834.     HONOLULU          HI
   PHNY             60.94       45.09       32.91       24.98       18.28       12.19      0.   2907.     LANAI/LANI CITY   HI
   PHOG             28.65       21.20       15.47       11.75        8.59        5.73      0.   2907.     KAHULUI/MAUI      HI
   PHSF              7.27        5.38        3.93        2.98        2.18        1.45   1037.   4058.     BRADSHAW_AAF/HAWA HI
   PHTO            109.79       81.25       59.29       45.02       32.94       21.96      0.   4058.     HILO/GEN.LYMAN FL HI
   99999999          0.00        0.00        0.00        0.00        0.00        0.00      0.      0.
