ETA  255 255  61  46 147 110  52  25   23.5000   84.5000   23.1400  120.0800 
     105.0000  90.755000  90.755000  NPS    60.0000
NGM   36 255  41  38  53  45   8   7   19.0000   42.0000   18.6820  128.7020 
     105.0000 190.500000 190.500000  NPS    60.0000
TRJO  17 255  17  13  17  13   0   0    7.0000   21.0000   22.4220  121.6990 
     105.0000 381.000000 381.000000  NPS    60.0000
TRJN 255 255  33  25  33  25   0   0   13.0000   41.0000   22.4220  121.6990 
     105.0000 190.500000 190.500000  NPS    60.0000
LAMP 255 255  56  45  56  45   0   0   22.0000   81.0000   22.9390  119.7080 
     105.0000  95.250000  95.250000  NPS    60.0000
RUC   87  87  81  62  81  62   0   0   31.9100  112.5300   22.8760  120.4900 
     105.0000  68.153000  68.153000  NPS    60.0000
MDR  255 255 113  89 113  89   0   0   41.0000  161.0000   23.0980  119.0360 
     105.0000  47.625000  47.625000  NPS    60.0000
FAX   24 255  31  21  31  21   0   0   15.0000   41.0000   21.6420  117.2900 
      98.0000 190.500000 190.500000  NPS    60.0000
MRF  255 255  29  23  65  65  10  10   23.0000   23.0000    0.1680  125.0000 
      80.0000 381.000000 381.000000  NPS    60.0000
FLA  255 255  45  53  45  53   0   0 -219.0000  581.0000   26.3010   84.2280 
     105.0000  11.906000  11.906000  NPS    60.0000
HIGF 255 255  65  65  65  65   0   0  169.0017  139.0013    7.8927  155.5992
     105.0000  47.625000  47.625000  NPS    60.0000
HIGC 255 255  33  33  33  33   0   0   85.0009   70.0006    7.8927  155.5992
     105.0000  95.250000  95.250000  NPS    60.0000
GFSF 255 255 297 169 297 169   0   0  169.0000  169.0000    2.8320  150.0000
     105.0000  47.625000  47.625000  NPS    60.0000
GFSC 255 255 149  85 149  85   0   0   85.0000   85.0000    2.8320  150.0000
     105.0000  95.250000  95.250000  NPS    60.0000
AVNF 255 255 137  81 137  81   0   0   75.0000   83.0000    6.9870  147.0640 
     105.0000  95.250000  95.250000  NPS    60.0000
AVNC 255 255  69  41  69  41   0   0   38.0000   42.0000    6.9870  147.0640 
     105.0000 190.500000 190.500000  NPS    60.0000
AWII 202 202  65  43  65  43   0   0   33.0000   45.0000    7.8380  141.0270 
     105.0000 190.500000 190.500000  NPS    60.0000
AWIH 213 213 129  85 129  85   0   0   65.0000   89.0000    7.8380  141.0270 
     105.0000  95.250000  95.250000  NPS    60.0000
AWIN 207 207  49  35  49  35   0   0   25.0000   51.0000   42.0850  175.6410 
     150.0000  95.250000  95.250000  NPS    60.0000
AWIR 212 212 185 129 185 129   0   0  105.0000  356.4900   12.1900  133.4590 
      95.0000  40.635250  40.635250  LAM    25.0000 
AWIT 214 214  97  69  97  69   0   0   49.0000  101.0000   42.0850  175.6410 
     150.0000  47.625000  47.625000  NPS    60.0000
AWIQ 211 211  93  65  93  65   0   0   53.0000  178.7450   12.1900  133.4590 
      95.0000  81.270500  81.270500  LAM    25.0000 
AWIE 221 255 349 198 349 277   0  45  174.5070  262.7640    9.5803  150.7806 
     107.0000  32.463410  32.463410  LAM    50.0000 
AWIS 209 209 275 223 275 223   0   0  137.1730  253.3190   -4.8500  151.1000 
     111.0000  44.000000  44.000000  LAM    45.0000 
AWIW 236 236 151 113 151 113   0   0   83.0000  351.7300   16.2810  126.1380 
      95.0000  40.635250  40.635250  LAM    25.0000 
AWIX 252 252 301 225 301 225   0   0  166.2100  701.0260   16.2810  126.1380 
      95.0000  20.317625  20.317625  LAM    25.0000 
PACF 255 255 105  71 105  71   0   0 9999.9999 9999.9999  -19.3309  230.0942
       0.0000  80.000000  80.000000  MER    20.0000
PACC 255 255  53  36  53  36   0   0 9999.9999 9999.9999  -19.3309  230.0942
       0.0000 160.000000 160.000000  MER    20.0000
NAMX 151 255 425 281 478 429   0  68  225.8189  265.5524    0.7279  150.3580
     110.0000  33.812000  33.812000  NPS    60.0000
