# =========================================================================== 
#
# mdl_copygb2_gds - This file contains a string of values representing a
# GRIB2 Grid Defintion Section (GDS). These grids are used by gfs_mos,
# nam_mos, and gefs_mos model scripts.
#
# =========================================================================== 
GFS190:20 0 0 0 0 0 0 0 69 41 6987000 212936000 8 60000000 255000000 190500000 190500000 0 64
GFS95EXP:20 0 0 0 0 0 0 0 149 85 2832000 210000000 8 60000000 255000000 95250000 95250000 0 64
GFS95HI:20 0 0 0 0 0 0 0 33 33 7892700 204400800 8 60000000 255000000 95250000 95250000 0 64
GFS95:20 0 0 0 0 0 0 0 137 81 6987000 212936000 8 60000000 255000000 95250000 95250000 0 64
GFS47EXP:20 0 0 0 0 0 0 0 297 169 2832000 210000000 8 60000000 255000000 47625000 47625000 0 64
GFS47HI:20 0 0 0 0 0 0 0 65 65 7892700 204400800 8 60000000 255000000 47625000 47625000 0 64
GFS80PAC:10 0 0 0 0 0 0 0 105 71 -19331000 129906000 8 20000000 32712000 210294000 64 0 80000000 80000000
NAMX32:20 0 0 0 0 0 0 0 425 273 1736100 208771800 8 60000000 250000000 33812000 33812000 0 64
