702000  202000
702001  202100
702007  202105
702011  202200
702017  202205
702095  202005
703095  203005
703100  203000
703102  203000
703210  203210
703212  203215
703220  203310
703222  203315
703240  203410
703242  203415
703327  203440
704010  204010  
704110  204110 
704210  204315   2
704213  204360
704215  204370   2
704420  204420
704425  204470
707201  207100
707202  207200
707203  207300
707204  207400
707311  207145
707312  207245
707313  207345
707314  207445
707385  207500
707505  207550
708000  208010
708100  208110
708251  208250
708312  208330
708313  208370
708315  208360
708427  208445
708501  208505
708504  208600
708507  208525
708511  208515
708564  208610
708605  208605
